'RnB', 'Country', 'Pop_Rock', 'New Age', 'Latin', 'Folk', 'Rap', 'Jazz', 'Electronic', 'Reggae', 'Blues', 'International', 'Vocal'
1543,     2134,     33179,       92,       988,     988,   1838,   644,     1724,       725,       419,         229,          77

[ 7.97495528  1.63764602  2.00188603  3.44646308 14.65483235  5.3248925
  3.39864298 35.72115385  0.10347397  1.85464076  4.62160481  2.21383523
 40.82417582]

dict_keys(['Rock', 'Pop', 'Country', 'Electronic', 'Jazz', 'RnB', 'Rap', 'Latin', 'World', 'Metal', 'Folk', 'Reggae', 'Blues', 'Punk', 'New Age'])
dict_values([44076, 10670, 3910, 3264, 1544, 3684, 3738, 2100, 743, 5298, 1942, 1531, 1155, 2687, 191])
[ 4.99468975  1.47541347  1.76742239  2.97058016  3.73631261  2.74707937
  1.08887631    0.54066229  2.14695447  1.54330301  3.76803832
  1.56592472  0.13088453  7.76428892]
x_train: 86533, x_test: 21634, y_train: 86533, y_test: 21634
Logistic Regression Classifier

    classes = ['International', 'Pop_Rock', 'Electronic', 'Country', 'Reggae', 'Rap', 'Latin', 'Folk', 'RnB', 'Blues', 'Vocal', 'Jazz', 'New Age']
    cm = [[0.36633663, 0.17821782, 0.02970297, 0.04950495, 0.00990099, 0.04950495,
           0.0, 0.0, 0.08910891, 0.01980198, 0.00990099, 0.1980198,
           0.0],
          [0.0527307, 0.51600753, 0.0433145, 0.09981168, 0.00376648, 0.07344633,
           0.0, 0.0094162, 0.09416196, 0.01506591, 0.02636535, 0.06403013,
           0.00188324],
          [0.02267574, 0.0521542, 0.28798186, 0.07029478, 0.00226757, 0.07029478,
           0.01587302, 0.02040816, 0.24489796, 0.04761905, 0.04988662, 0.10884354,
           0.00680272],
          [0.05514706, 0.13235294, 0.07720588, 0.27941176, 0.01838235, 0.08823529,
           0.01838235, 0.01838235, 0.15073529, 0.04411765, 0.02205882, 0.07720588,
           0.01838235],
          [0.03225806, 0.06451613, 0.06451613, 0.08064516, 0.33870968, 0.06451613,
           0.08064516, 0.03225806, 0.16129032, 0.01612903, 0.0, 0.03225806,
           0.03225806],
          [0.03726708, 0.11801242, 0.08074534, 0.1242236, 0.01863354, 0.24223602,
           0.01242236, 0.01863354, 0.11180124, 0.04968944, 0.0621118, 0.09937888,
           0.02484472],
          [0.00396825, 0.01190476, 0.00793651, 0.01190476, 0.04365079, 0.02380952,
           0.70238095, 0.01587302, 0.07936508, 0.02777778, 0.04365079, 0.01587302,
           0.01190476],
          [0.04545455, 0.0, 0.22727273, 0.13636364, 0.0, 0.09090909,
           0.04545455, 0.18181818, 0.18181818, 0.0, 0.04545455, 0.04545455,
           0.0],
          [0.03877378, 0.10832425, 0.15012723, 0.09002787, 0.01078396, 0.06870229,
           0.01369199, 0.01151097, 0.30776687, 0.03804677, 0.05610081, 0.09451109,
           0.01163213],
          [0.01670146, 0.01670146, 0.03549061, 0.01878914, 0.00626305, 0.02296451,
           0.0125261, 0.00208768, 0.06889353, 0.70772443, 0.03131524, 0.05636743,
           0.00417537],
          [0.01117318, 0.04469274, 0.05586592, 0.03910615, 0.01675978, 0.05027933,
           0.09497207, 0.01675978, 0.19553073, 0.09497207, 0.27932961, 0.08379888,
           0.01675978],
          [0.03183024, 0.09018568, 0.06896552, 0.0265252, 0.00265252, 0.05835544,
           0.0, 0.01061008, 0.06100796, 0.05570292, 0.02122016, 0.56763926,
           0.00530504],
          [0.0625, 0.0625, 0.0, 0.25, 0.0, 0.1875,
           0.0625, 0.0625, 0.0, 0.0, 0.0, 0.125,
           0.1875]]